2 1
3 3
4 4
5 6
6 8
7 9
8 10
9 12
10 14
11 16
12 18
13 19
14 20
15 21
16 22
17 24
18 26
19 28
20 30
21 32
22 34
23 36
24 38
25 39
26 40
27 41
28 42
29 43
30 44
31 45
32 46
33 48
34 50
35 52
36 54
37 56
38 58
39 60
40 62
41 64
42 66
43 68
44 70
45 72
46 74
47 76
48 78
49 79
50 80
51 81
52 82
53 83
54 84
55 85
56 86
57 87
58 88
59 89
60 90
61 91
62 92
63 93
64 94
65 96
66 98
67 100
68 102
69 104
70 106
71 108
72 110
73 112
74 114
75 116
76 118
77 120
78 122
79 124
80 126
81 128
82 130
83 132
84 134
85 136
86 138
87 140
88 142
89 144
90 146
91 148
92 150
93 152
94 154
95 156
96 158
97 159
98 160
99 161
100 162
101 163
102 164
103 165
104 166
105 167
106 168
107 169
108 170
109 171
110 172
111 173
112 174
113 175
114 176
115 177
116 178
117 179
118 180
119 181
120 182
121 183
122 184
123 185
124 186
125 187
126 188
127 189
128 190
129 192
130 194
131 196
132 198
133 200
134 202
135 204
136 206
137 208
138 210
139 212
140 214
141 216
142 218
143 220
144 222
145 224
146 226
147 228
148 230
149 232
150 234
151 236
152 238
153 240
154 242
155 244
156 246
157 248
158 250
159 252
160 254
161 256
162 258
163 260
164 262
165 264
166 266
167 268
168 270
169 272
170 274
171 276
172 278
173 280
174 282
175 284
176 286
177 288
178 290
179 292
180 294
181 296
182 298
183 300
184 302
185 304
186 306
187 308
188 310
189 312
190 314
191 316
192 318
193 319
194 320
195 321
196 322
197 323
198 324
199 325
200 326
201 327
202 328
203 329
204 330
205 331
206 332
207 333
208 334
209 335
210 336
211 337
212 338
213 339
214 340
215 341
216 342
217 343
218 344
219 345
220 346
221 347
222 348
223 349
224 350
225 351
226 352
227 353
228 354
229 355
230 356
231 357
232 358
233 359
234 360
235 361
236 362
237 363
238 364
239 365
240 366
241 367
242 368
243 369
244 370
245 371
246 372
247 373
248 374
249 375
250 376
251 377
252 378
253 379
254 380
255 381
256 382
257 384
258 386
259 388
260 390
261 392
262 394
263 396
264 398
265 400
266 402
267 404
268 406
269 408
270 410
271 412
272 414
273 416
274 418
275 420
276 422
277 424
278 426
279 428
280 430
281 432
282 434
283 436
284 438
285 440
286 442
287 444
288 446
289 448
290 450
291 452
292 454
293 456
294 458
295 460
296 462
297 464
298 466
299 468
300 470
301 472
302 474
303 476
304 478
305 480
306 482
307 484
308 486
309 488
310 490
311 492
312 494
313 496
314 498
315 500
316 502
317 504
318 506
319 508
320 510
321 512
322 514
323 516
324 518
325 520
326 522
327 524
328 526
329 528
330 530
331 532
332 534
333 536
334 538
335 540
336 542
337 544
338 546
339 548
340 550
341 552
342 554
343 556
344 558
345 560
346 562
347 564
348 566
349 568
350 570
351 572
352 574
353 576
354 578
355 580
356 582
357 584
358 586
359 588
360 590
361 592
362 594
363 596
364 598
365 600
366 602
367 604
368 606
369 608
370 610
371 612
372 614
373 616
374 618
375 620
376 622
377 624
378 626
379 628
380 630
381 632
382 634
383 636
384 638
385 639
386 640
387 641
388 642
389 643
390 644
391 645
392 646
393 647
394 648
395 649
396 650
397 651
398 652
399 653
400 654
401 655
402 656
403 657
404 658
405 659
406 660
407 661
408 662
409 663
410 664
411 665
412 666
413 667
414 668
415 669
416 670
417 671
418 672
419 673
420 674
421 675
422 676
423 677
424 678
425 679
426 680
427 681
428 682
429 683
430 684
431 685
432 686
433 687
434 688
435 689
436 690
437 691
438 692
439 693
440 694
441 695
442 696
443 697
444 698
445 699
446 700
447 701
448 702
449 703
450 704
451 705
452 706
453 707
454 708
455 709
456 710
457 711
458 712
459 713
460 714
461 715
462 716
463 717
464 718
465 719
466 720
467 721
468 722
469 723
470 724
471 725
472 726
473 727
474 728
475 729
476 730
477 731
478 732
479 733
480 734
481 735
482 736
483 737
484 738
485 739
486 740
487 741
488 742
489 743
490 744
491 745
492 746
493 747
494 748
495 749
496 750
497 751
498 752
499 753
500 754
501 755
502 756
503 757
504 758
505 759
506 760
507 761
508 762
509 763
510 764
511 765
512 766
513 768
514 770
515 772
516 774
517 776
518 778
519 780
520 782
521 784
522 786
523 788
524 790
525 792
526 794
527 796
528 798
529 800
530 802
531 804
532 806
533 808
534 810
535 812
536 814
537 816
538 818
539 820
540 822
541 824
542 826
543 828
544 830
545 832
546 834
547 836
548 838
549 840
550 842
551 844
552 846
553 848
554 850
555 852
556 854
557 856
558 858
559 860
560 862
561 864
562 866
563 868
564 870
565 872
566 874
567 876
568 878
569 880
570 882
571 884
572 886
573 888
574 890
575 892
576 894
577 896
578 898
579 900
580 902
581 904
582 906
583 908
584 910
585 912
586 914
587 916
588 918
589 920
590 922
591 924
592 926
593 928
594 930
595 932
596 934
597 936
598 938
599 940
600 942
601 944
602 946
603 948
604 950
605 952
606 954
607 956
608 958
609 960
610 962
611 964
612 966
613 968
614 970
615 972
616 974
617 976
618 978
619 980
620 982
621 984
622 986
623 988
624 990
625 992
626 994
627 996
628 998
629 1000
630 1002
631 1004
632 1006
633 1008
634 1010
635 1012
636 1014
637 1016
638 1018
639 1020
640 1022
641 1024
642 1026
643 1028
644 1030
645 1032
646 1034
647 1036
648 1038
649 1040
650 1042
651 1044
652 1046
653 1048
654 1050
655 1052
656 1054
657 1056
658 1058
659 1060
660 1062
661 1064
662 1066
663 1068
664 1070
665 1072
666 1074
667 1076
668 1078
669 1080
670 1082
671 1084
672 1086
673 1088
674 1090
675 1092
676 1094
677 1096
678 1098
679 1100
680 1102
681 1104
682 1106
683 1108
684 1110
685 1112
686 1114
687 1116
688 1118
689 1120
690 1122
691 1124
692 1126
693 1128
694 1130
695 1132
696 1134
697 1136
698 1138
699 1140
700 1142
701 1144
702 1146
703 1148
704 1150
705 1152
706 1154
707 1156
708 1158
709 1160
710 1162
711 1164
712 1166
713 1168
714 1170
715 1172
716 1174
717 1176
718 1178
719 1180
720 1182
721 1184
722 1186
723 1188
724 1190
725 1192
726 1194
727 1196
728 1198
729 1200
730 1202
731 1204
732 1206
733 1208
734 1210
735 1212
736 1214
737 1216
738 1218
739 1220
740 1222
741 1224
742 1226
743 1228
744 1230
745 1232
746 1234
747 1236
748 1238
749 1240
750 1242
751 1244
752 1246
753 1248
754 1250
755 1252
756 1254
757 1256
758 1258
759 1260
760 1262
761 1264
762 1266
763 1268
764 1270
765 1272
766 1274
767 1276
768 1278
769 1279
770 1280
771 1281
772 1282
773 1283
774 1284
775 1285
776 1286
777 1287
778 1288
779 1289
780 1290
781 1291
782 1292
783 1293
784 1294
785 1295
786 1296
787 1297
788 1298
789 1299
790 1300
791 1301
792 1302
793 1303
794 1304
795 1305
796 1306
797 1307
798 1308
799 1309
800 1310
801 1311
802 1312
803 1313
804 1314
805 1315
806 1316
807 1317
808 1318
809 1319
810 1320
811 1321
812 1322
813 1323
814 1324
815 1325
816 1326
817 1327
818 1328
819 1329
820 1330
821 1331
822 1332
823 1333
824 1334
825 1335
826 1336
827 1337
828 1338
829 1339
830 1340
831 1341
832 1342
833 1343
834 1344
835 1345
836 1346
837 1347
838 1348
839 1349
840 1350
841 1351
842 1352
843 1353
844 1354
845 1355
846 1356
847 1357
848 1358
849 1359
850 1360
851 1361
852 1362
853 1363
854 1364
855 1365
856 1366
857 1367
858 1368
859 1369
860 1370
861 1371
862 1372
863 1373
864 1374
865 1375
866 1376
867 1377
868 1378
869 1379
870 1380
871 1381
872 1382
873 1383
874 1384
875 1385
876 1386
877 1387
878 1388
879 1389
880 1390
881 1391
882 1392
883 1393
884 1394
885 1395
886 1396
887 1397
888 1398
889 1399
890 1400
891 1401
892 1402
893 1403
894 1404
895 1405
896 1406
897 1407
898 1408
899 1409
900 1410
901 1411
902 1412
903 1413
904 1414
905 1415
906 1416
907 1417
908 1418
909 1419
910 1420
911 1421
912 1422
913 1423
914 1424
915 1425
916 1426
917 1427
918 1428
919 1429
920 1430
921 1431
922 1432
923 1433
924 1434
925 1435
926 1436
927 1437
928 1438
929 1439
930 1440
931 1441
932 1442
933 1443
934 1444
935 1445
936 1446
937 1447
938 1448
939 1449
940 1450
941 1451
942 1452
943 1453
944 1454
945 1455
946 1456
947 1457
948 1458
949 1459
950 1460
951 1461
952 1462
953 1463
954 1464
955 1465
956 1466
957 1467
958 1468
959 1469
960 1470
961 1471
962 1472
963 1473
964 1474
965 1475
966 1476
967 1477
968 1478
969 1479
970 1480
971 1481
972 1482
973 1483
974 1484
975 1485
976 1486
977 1487
978 1488
979 1489
980 1490
981 1491
982 1492
983 1493
984 1494
985 1495
986 1496
987 1497
988 1498
989 1499
990 1500
991 1501
992 1502
993 1503
994 1504
995 1505
996 1506
997 1507
998 1508
999 1509
